$ANSIBLE_VAULT;1.1;AES256
33626365323834383730316430646236626435313331623761373739356261346334346164386666
6635643532646566383635316230653265313338363936640a303836656266376165356535383335
62326436346563663936356236376634363966393735643165656664313633616630636231313439
3338323330343761630a626432303364616366636434666265643165366131363830636432633166
65656136326263393336336436663139386137653730373135343534343131623235383633343136
32656531343332366564346466333737613738643661336336643264373266633837613833376564
30336464373362663538646566373764376565393764626632626335383762313962623732373136
35356230376636343739616430336136373165363134663935366662653562363338333132393333
61663837653332643334636536646333343132366632633064336235306236366561346666396135
36643164393433303731373865386361633131383930323766366463353035333035666132663064
64353634646663356162306633623830313762616665373863663635626338383661323739323831
36613832623862313833656465633738616636383632643462363138373232313932633238316131
65643864343034613533643032373664353036353362306137633966343061323333623061303539
64323030666337666433333363643830316138313832343335353139343832613839346539313236
34653338363034313132303035366662366537633564303832653735363235363964633533663863
65633266396333613262
